76100328317
43062666816
94070935324
90012835192
00230862999
74050881175
91040921941
67032517986
91011229298
88062871376
83060843628
92022388831
73092385346
97122745542
92052766285
90041819798
55061363496
61051415643
54070243177
48083132821
65091879195
57112688352
82091455286
63061928519
85020777433
59050812547
96091413654
65041654775
54121599657
45060718892
63092375962
78100823175
45051855254
48121122575
80090492299
46092036833
71032552232
83050818432
47081966115
62013174923
50111941196
71022183363
85022335187
56072828996
90061722485
87071249316
68121391645
92082171147
59062974734
68040248411
58121913684
88082429724
97022336839
68021915255
86112351645
62041789461
96103042977
65052446466
47061629878
45080453647
63092588535
79102442252
79030117167
02271682899
94021442125
95080933283
48112916921
81090621366
97121928261
59090732847
67091273955
98112613373
57042018977
68100753321
77051557317
91081722644
74050895929
45022326417
90061973218
79120541566
92120198163
75100461312
53112976312
85071239586
86031771571
82051255585
65102314855
44020864431
57111949896
93110247931
57082969444
91041973886
43012378129
94031665433
86011964696
43051078284
67111794938
91063088225
93082992864
54092386278
61031231991
90053188286
02293093686
44021039652
74042993952
46063058882
81120554855
78112787391
98011957538
70100797269
83122027498
01320298199
73043084546
84093081438
66042599962
94092026718
71072944578
90112076512
57081066913
89090262879
48063024982
63051678666
58092058674
78022898451
68052369353
89022095243
93101763257
68060985138
89072799326
01270939698
93071623856
69062525175
50022388831
56080181274
00321143385
87120741954
57091468679
43071961173
67032744849
70062124721
87082421828
96022657427
91011419527
64013014434
44112179171
89021457631
47010442718
97092991381
49031515943
52021361758
72081254144
86120766729
93061111848
52122338581
86060798622
76062815232
02232547845
83022255946
01211932663
94121637995
82072037731
78052985189
89041771115
51030221563
67081428583
49050547886
62050219153
71070713484
55090386918
86030992597
79120832589
99072566664
44101485928
47011523221
66062138271
77080394149
81043056964
96012999575
79112224811
98082124949
50072386438
79071717636
00282673213
50121693445
50073061329
45121041138
95030356247
98062684766
67081841481
87052782665
94091639441
72061397878
59050732652
83060243879
97072535639
97113019584
65061551449
62030362347
78011158986
95060794231
48121179836
52032718482
48051018519
94100994624
79071356493
55111922936
78103151859
88042164672
67041697637
57052946367
47013149766
98042849273
59100922224
59072789784
54072116486
89081254937
70022624791
66071758462
76061716558
65100423511
46060616166
49080733152
91012167542
97112795133
51050361281
67110947986
76072028332
67042718425
77060274717
82032121841
97080379832
43102681579
58020432675
77021219238
73043017838
90072158723
02301645995
51073073383
64072879874
96092194336
54121865556
89090832728
75022429681
75022484837
00251976345
77061715271
96111748968
93070567337
51060619729
02302893175
48032145298
44101781185
58043043144
01252898113
53042819594
49030499372
90022633784
89010876566
72051628298
61091711583
65111596178
98080749241
46100185137
97051791612
71082114543
43072014283
77092691863
64121167848
76032572998
94041351467
72113031381
71041786989
64092731718
68010916379
86073084747
70052193812
81071352133
79091992617
86010798672
97022113324
67030233415
69032728322
46121778437
72020129421
95051049667
67041113689
90101726844
87072922496
78081677914
78030283812
91061324295
86120819588
47051132311
94121711112
01210453468
01292984582
97022539171
82052073829
95022339418
71052657243
51081697883
93040636263
73121535977
66042498131
49070534455
52100424949
92100437552
61122179933
67120113124
44120315961
88052579693
73052199222
75081724387
86121028491
47032192385
86042659583
86012535385
52101556519
86121156136
87061893897
71011086994
85022275878
81012782232
92062773422
90081426565
85122613558
89101022265
99041656734
79082398725
98080625657
53121491938
67071514582
56082728457
97101573872
82040496261
56120194963
60032025549
91120539518
00311293218
48040215527
47090539212
53110759744
65021972761
60122489589
77122739651
54073034543
00281014772
85071888155
46020739281
57121437477
66011696391
92091936551
73122143122
00250129966
75060848727
84100776276
52021915261
95040648415
57090947753
94041427898
43011198696
57040979971
65080885613
97050643323
70060942396
74011332744
63022145818
68062766533
55072069422
90020188392
95100632279
67112917343
43090119692
54031074147
83052678151
44090181173
49070147279
49041649968
87010998376
45100858751
72080197921
58020548541
74041116741
72011644555
02241312344
99102965612
58040355242
72060837821
96062692978
63011095779
73092037311
57092076558
62111797998
54052011291
59043067363
84120951479
83111362939
69032741659
86011634337
54051668494
57062489795
96121697652
54093084748
80012756681
54042491872
58011498783
62060334176
99101479516
97112263892
68011547745
75031596312
00251622437
44030891933
51052233186
61080238673
98032629692
55072554849
55071556286
65022428148
74090291439
57092369146
74091998656
55040962717
85031019254
85010273518
65021897758
61032741936
86011623661
53061818756
92061866512
77040539153
92110836697
46031584928
57110737867
50032096795
86112135885
63070616454
70101961342
89050117793
80062517568
83070683252
71122563825
64060173283
93012214477
51010265499
76111922337
65020397662
95022547123
44020931245
67042241224
91092298264
47011377639
65122398763
87092757368
62032852484
98090576268
43120926939
54033011274
47020822964
90102729631
51101361394
90122796693
88021362741
91121298988
55091388346
82122624483
49101238385
83092482165
92082961133
47011442984
63120764483
49052318196
59110495293
48021565872
79011228585
88110763699
99022037598
85013086388
50060167799
97042229797
71020466288
92082245989
62040664976
53042998471
52101444166
64062539825
88092984457
64060599528
97021457544
70112652264
45102789332
79071871925
59020954156
82030357293
96102871514
77010587337
75060596392
78051435289
95061952735
65052065333
90091039625
77121892124
72011399554
54120316282
81041685393
00221926545
73092173316
94042399794
58032649173
97032844584
97030835454
93032195774
90110852787
64061556188
49100559933
74010421984
61032687463
96031748387
69092488165
84062664565
78111881591
64091164436
85022496916
57091375368
47041359232
90101684829
76051574368
57042364733
99101279994
83061687285
65032025476
01210748348
87050429719
49090954291
67071524493
98040825145
75083077735
62062012595
51010466937
86121882352
49071189746
87100645249
64013069632
93061181115
97052685516
56071536614
86090929629
61052751641
44060947279
87081993773
99070187146
76030584544
54091098259
97100449576
66032056336
84042531953
73051229687
54071453852
95102141489
55051496111
52072788449
85052015732
67102174235
51082787299
45091489123
51021543881
59052853562
67031018266
91042139326
61070755373
69022682463
59122192922
52051821198
56021792631
78080222634
60032948756
49020572115
66042367691
73010473427
86120292224
84051522786
49021421913
87031757233
73101542449
91012479999
98021674777
85110473577
65062979686
51041322455
96042699744
75070749883
75022063979
80021824955
56122276261
68101222547
46021127672
83012074625
69092373122
63062389614
53050299681
63100285216
89071786376
65030217921
59122864467
44020639228
96010762768
86090444113
47061185464
72022562132
66020633644
69071966611
79121198996
47092772196
68070571523
51121383677
67021216229
49021132466
49100579472
82042025313
86070396685
59091647519
99100455531
77110769538
93120158168
57013017798
01322447898
00210355541
66111953437
94022455335
86051821193
63010383653
96040862416
53082729846
90111296797
77090565832
46122659335
48041058152
49022737417
67072342461
98122598222
45101225664
68082521893
80072526394
58041318341
52031853289
77051886736
74011779574
58081075615
86041665781
52062916432
95070322859
79051045564
85061364999
56100948867
72120419729
86092645239
46080397995
92062715594
48020128982
89111589594
53042326957
97072772939
93051861827
94022216873
63091014925
97062842639
52072777797
80091892661
69010317771
86032321386
00312869995
70041674126
90061694115
65042784633
84021366266
02281717679
02313067129
51121012476
54082028843
44081538355
71051855468
64080129392
93082488893
71012589199
63021358291
85011321517
46021426337
44122233232
91090148813
73113087235
99090286892
95091261342
71090791457
56062913468
51082623245
54070322436
95091912484
59020784328
89081291431
75101211251
53121287371
54022291791
84111829356
53052251573
88061445794
91022276887
56022911936
83031138313
45043063645
76011183955
86022859424
65032047993
53030655629
99021638783
74040615722
45050755371
80060165978
81032923132
98071248229
66060982179
02242778932
46010141252
75041914131
80122883671
63091837722
80062373391
80020554275
54041697569
49013141168
83051831126
69013138344
47112061716
54102719593
84110635819
55111362646
50022353349
65062631296
70030511128
91081457111
54111277893
70121113819
55051681773
71010114418
53122679278
54110863264
61041565279
43042913671
84011748825
58110783513
87092689423
45030424767
71012773941
76020483163
95020411819
45032589949
90101625723
59122445167
46120194995
68122978814
84101477213
83042338683
97101649241
79103199528
73112714569
93052953211
97081516674
86050791716
46112252438
51052214884
74020971121
96010769727
49113072454
02303178495
98101899377
95111164978
45030913799
62071946319
89090232726
94110663969
66031584582
75113089385
00281265482
58101274712
77020726388
55120787173
58052912668
60081994241
80112264895
81080636271
95122731756
91070331914
71042092797
76101197312
43090274357
94060639456
02242229735
63102514855
56092537432
46030932715
47112395413
91061418293
53071824879
52030161459
75081754416
79022688444
53020856364
91113033827
63060687219
54031212721
50020383548
73092637481
77020768283
85112294431
81012644891
54101511929
83081397753
51122119998
72110246584
87052999546
86050324239
71070749359
48081635449
63051975626
84102446892
02260744773
56102482989
86102338959
56102891385
46072052772
47031256767
61111132323
45091817319
47061321794
98030788445
81062067275
80102212781
83011525818
01232114282
53042912617
43090295231
97060511746
73043043864
91043094741
89010367866
47031784257
73033042879
81021076434
72111915643
76111369143
91101563846
98111671639
46010372669
68102692477
95041581672
51070442865
61100236126
50111336431
88090397293
90121951325
49122825788
83020945661
84101733256
97051637323
74011493283
95031356932
54092956387
48042819965
95102722387
73080357845
00222149271
59012545788
59120776771
62072818857
58092652533
99080323439
93122283518
86032443497
81120894858
01311019817
71122871735
59040521769
71120434365
65091283848
57051283245
95082767983
86021942811
63051629235
00252477777
53090337248
88091343378
00291428587
59061971527
00272666724
46110389273
87021333142
54030815574
73072169126
91042936916
01290212292
69082158546
65082823796
88012873557
71020353599
46013138413
58061149578
57022825537
58021236919
60040453127
71112776459
47011936669
89041673974
75030761993
49080534111
49070426419
80121178132
88071377942
69113021739
64013116457
81101192526
89062311929
78011029721
55101721367
87113075282
86041994971
87102561884
43090677426
85112647475
96042329483
84071736475
82112927417
87020331615
77092197567
89122494779
98112549647
91021584521
48111768765
87090128643
58070518851
44030936326
63071152258
60120584637
49010893853
90080346367
76071425116
44011581271
74122314569
53071261227
58032887559
88021721944
78041193191
57100355398
54121867336
51050315471
96051499247
60071924539
02231541277
83111011666
85031487763
45032198295
53041993132
94040424254
46071392844
73041385229
93112265742
76101548354
64041899861
52042225976
66101787381
93080748467
67102748973
84050647273
95030482157
66041785731
57060173346
81070946168
61070585859
51012368244
49092773887
72100176226
49050129334
56112941777
95062452326
55112525497
45070935357
88012947474
95031639718
84081897779
85040313787
93072486548
44090181654
64013075198
50082827864
79061191884
96102757159
57030335484
02240532444
89090722674
91061791376
72091074468
83070225975
91091749457
93032149292
01212823724
50062849549
60092443646
46022527389
44050999565
94031812767
70021067757
61111867524
79101192271
61022731284
82052758124
55042772561
46030395264
00272238873
77062247573
75081572874
47052158299
84100566125
51021022698
46052052978
61072746843
00231146256
93082951625
81120926191
86050818112
65032986225
82111324697
54021522816
99051913632
45072976877
71053183839
00303199344
60031069973
75121377216
94121517633
93112089113
47032424288
52100452731
81061888323
49061268646
67122223344
64092427659
91091967837
89040972661
70080289923
48090855342
99102525926
87011377376
67092921895
57021625558
63093062674
67032019129
69081624426
01212235192
83031947557
89061923835
96101912645
51021986761
85123151941
58051726778
57020924283
81012429841
57050452394
63050713579
46102118519
70111122452
94122563398
71123191458
53121746847
72120333982
45030581851
86090569524
89060247585
92030394451
02292678879
87102293761
59050227529
87051979145
46032874321
93091154945
58081094856
79020692429
91111516272
91091952266
94101727232
82120821714
53041499621
74011851584
59091232377
00301166757
83052446392
52031182912
66062184685
81082199992
70121411368
02282684471
53100945658
52122138167
54021851778
44072748497
57091467319
84062116512
97061878154
82110923811
58011934397
99040764153
98102483317
99082837316
96030536174
50101592438
91060671442
63122781118
58111381239
92061044938
59110476533
54022536171
48031435631
61070666523
50070343893
72042114751
58082959431
02221464995
98020256455
61021516334
81062027181
97070558135
82032611287
91072553228
48101136143
02252679517
48112523817
91030554371
66070541681
57062848752
43080894699
47012547619
88083156148
01212249175
59101539126
72030771698
48120897649
56042629136
86112696285
78110431537
48071838469
46040559988
02211715878
59090227356
87082875849
55080241128
70031387151
87120452162
46021735668
87031861985
91060488677
90121263147
91072956854
45072081995
55031811477
87100318426
01272469386
94103049215
99060854166
71051919771
76102311445
72061615224
66110429355
65022657416
93021794232
67032268134
76062516959
82112981167
82030142741
80091013891
70032848321
61071584543
49072232962
67122568342
90113065593
71110153313
46072333778
56010383211
43092618236
79092182457
54060811764
95111945436
63110135468
76041818852
76013127249
80101752338
70031228676
73090455995
49050776819
60060288655
92012537814
70053045293
81010327295
01271579615
65112281314
75050723377
72061168821
61100942568
02300729847
92042822124
53112632773
67100385563
49090217286
00262988883
76012393685
86100544985
84080152835
46102726253
95103032328
78011753976
61050411374
67040443376
73073028224
64120949469
49042846548
69121363874
82022324212
44042567686
67022714559
68061657412
47011912133
91061382437
90011571367
70070412676
94071279245
77112761118
99082763321
68031617349
65070759795
64020326816
91102914238
53052549586
53070473531
99060183622
90022631645
65110874592
62030318928
49080231957
51121912189
68103166377
94042396814
77051241331
77020841119
54042539916
43053078978
46090761371
79021633926
68103058294
62041218563
95121179342
68010493245
00303019817
95012674774
43060287282
50122988799
45071072215
49081861698
58052791636
93012024773
94121692189
58080719161
52121189263
64080484433
60112146797
83032435419
80032326136
43111511535
72031412781
47122727468
72051785139
76111464992
90082782279
54022148635
89041368173
01213132337
92110338472
71120993633
82111425299
78070371351
80091649584
99042521558
88041631539
00320227169
64050856578
50082036549
85100152998
76123189991
52030362461
85111535672
01230622174
83052083812
89072317544
87101931884
66090893292